# This file may be used to create an environment using:
# $ conda create --name <env> --file <this file>
# platform: win-64
bzip2=1.0.8=h8ffe710_4
ca-certificates=2021.10.8=h5b45459_0
libffi=3.4.2=h8ffe710_5
libzlib=1.2.11=h8ffe710_1013
openssl=3.0.0=h8ffe710_2
pip=22.0.4=pyhd8ed1ab_0
pysimplegui=4.57.0=pyhd8ed1ab_0
python=3.10.2=hcf16a7b_4_cpython
python_abi=3.10=2_cp310
setuptools=60.10.0=py310h5588dad_0
sqlite=3.37.1=h8ffe710_0
tk=8.6.12=h8ffe710_0
tzdata=2022a=h191b570_0
ucrt=10.0.20348.0=h57928b3_0
vc=14.2=hb210afc_6
vs2015_runtime=14.29.30037=h902a5da_6
wheel=0.37.1=pyhd8ed1ab_0
xz=5.2.5=h62dcd97_1
